3836
1796
2105
2171
2726
243
3122
2088
1478
1400
2091
1406
4811
3909
2811
2063
1148
1806
4522
4595
4881
32
3089
1248
4786
204
4760
3211
4496
604
4423
1663
1463
1837
2935
1326
2485
1397
3056
1490
320
782
3577
1696
2494
2625
2805
1646
80
819
3083
470
3470
2422
1260
1911
878
509
959
1268
2328
999
4306
3906
1956
409
1715
3392
2696
1411
3289
4255
757
3256
1838
1732
648
4121
2355
2801
3097
2605
50
496
4071
2728
446
3449
4826
1027
2708
1983
4513
4115
1058
1606
2260
4030
2061
2306
514
2011
4798
1844
3774
2313
4174
4942
3787
4078
275
3088
1772
4041
4597
4952
4455
1266
3323
4898
1984
135
4871
717
322
2542
2619
3946
3984
918
333
4259
4359
2841
898
2543
3208
1972
346
361
707
1540
3685
269
4969
531
4293
1844
2612
2010
4831
1538
704
1027
1295
2760
3535
3392
4114
718
704
3803
3609
1088
345
125
187
4931
1290
3316
3902
2327
4660
115
4404
2528
517
2497
873
3522
4650
436
3800
2773
3949
2691
4116
3311
1006
3091
2559
4573
4086
3644
2060
1163
707
3887
946
1452
1667
2750
3879
1494
2590
570
217
919
3485
4878
1590
2645
1203
4477
1640
380
3892
3345
17
4429
3717
4652
475
4426
1553
4811
1856
2043
4759
2697
411
3064
3821
3157
3498
2366
3326
3650
1781
3345
3326
600
542
156
4527
4345
4860
4452
1931
165
3896
3100
3393
1025
82
3195
1313
4173
2270
970
2121
1061
4212
4601
1977
3590
4288
4534
430
1696
4803
2068
183
2501
1659
3704
2787
2114
4441
229
1855
3098
881
1634
1112
1228
1589
559
1333
587
4532
1495
2549
431
3188
1153
2967
4004
3953
682
2978
1122
3342
2667
4903
1966
395
3631
1953
257
3848
3674
2180
2179
534
675
393
552
214
2404
1559
2458
3032
2910
2617
34
3275
1546
4810
2281
3744
2398
1250
4169
2674
2923
1857
2937
103
4258
3350
3553
1579
3893
1879
1472
4749
1749
2627
2543
2151
956
3581
3655
610
343
4994
4253
867
993
4440
4497
3022
4909
1768
817
3781
4391
3428
4667
3737
1672
4064
1527
4408
2879
543
2505
4906
1017
4044
1601
4299
4463
3913
3034
825
3370
3556
603
4861
741
1471
3683
427
951
2748
618
4765
3109
4340
2838
396
3928
114
1211
3559
3791
475
2321
2214
244
1514
4085
4461
1838
4485
1382
768
4210
1135
1230
1012
936
35
2618
4559
3467
2202
343
3019
3338
2281
3991
716
1454
3617
3628
2909
2009
4717
2561
86
2508
4405
888
1749
1853
474
4236
1352
4035
151
701
4510
2532
320
2302
4271
1650
2037
3512
3199
4217
2627
4097
657
3471
1701
511
1803
765
657
3791
2801
4152
3866
2648
1395
2862
3165
2558
4038
3914
1664
4379
2439
4563
33
2694
1018
4336
3746
3104
4599
3236
30
2167
1451
2672
3729
1640
2260
924
1111
2395
2337
623
3488
4676
2534
2453
1591
674
1749
3435
3362
1009
3379
2633
1264
3545
3719
1311
48
4261
4260
2748
515
3102
4559
2344
3382
2158
1476
612
3915
3858
205
1813
1695
582
89
435
3521
3478
4934
4192
4138
3048
701
3990
4299
209
3505
1243
4802
4842
2251
2305
1112
1371
1779
4012
3199
2581
824
2966
2043
3885
813
518
3549
4138
4533
1230
4073
307
3832
2484
859
3871
3312
1533
219
4362
1205
2789
1165
1796
755
289
749
35
4746
1761
2876
1987
1405
4768
1206
299
2645
4763
1212
1753
4653
2076
3715
705
3901
2574
3417
1187
4975
1281
1593
648
2512
4626
700
1715
1081
1881
3448
2323
816
1781
924
4594
1423
879
1662
3840
4276
90
1602
1597
3433
2091
638
484
4232
1496
648
4575
2803
729
4329
3260
3121
1941
4740
4745
1114
177
1585
1324
2657
2856
783
1046
1412
1243
507
4937
511
3825
807
1333
2754
528
1121
3325
3412
4351
3881
918
2532
3151
4370
4390
1806
771
2953
3697
487
4305
3262
2939
228
4927
1328
500
4599
4185
616
2320
4529
4
2486
3416
1261
1838
2344
655
2164
3123
3676
2492
228
2782
549
3677
841
3517
2918
1745
4319
1308
4106
2581
3526
854
49
470
1266
2190
2489
2468
1961
4388
2445
1459
4255
1407
180
1261
1776
3341
1730
1751
4149
3335
1471
2969
2519
4874
4246
71
967
4684
4101
2660
1444
41
2424
2751
2988
3915
460
2485
221
1111
2663
718
1605
1325
2971
500
1358
3354
2191
681
1858
4669
194
1003
2831
623
3809
3214
785
2552
2243
2213
4417
3939
1506
4687
1733
1389
3396
4474
4191
2807
3822
108
3435
2448
1971
1106
3777
1510
3647
3382
4032
124
1623
4334
678
1139
2316
567
304
1299
4349
3546
4893
3351
2214
2616
42
1150
2147
3315
4326
3364
4273
1642
3273
4133
4980
2281
379
4583
3885
55
2417
4742
1675
4190
520
4248
2816
716
3116
2615
4870
1968
1722
2824
3549
4073
4880
4789
1985
1409
4472
1279
3463
1317
537
3725
4540
2696
2837
4972
1564
17
2125
3719
962
2626
4568
4480
1734
4422
273
1316
1486
4786
4052
2492
2992
462
3081
59
3758
248
4831
4542
2120
4946
4657
4497
318
3529
4004
4747
1912
4136
2194
1191
3837
2574
4971
4751
3155
1254
926
1782
2020
1784
2719
647
139
4073
405
1241
339
1402
157
1615
970
1048
4602
3086
2762
4990
1429
757
495
1447
1642
1613
2081
15
4851
2162
4552
3736
4034
3544
440
138
2193
4709
4913
3846
1412
3660
4730
4071
1382
1894
120
3993
2380
868
3749
394
2996
2793
3195
519
1211
2360
1937
4429
2831
317
4881
782
534
159
2508
3579
3761
2738
3956
2610
3701
765
4266
105
3250
1025
1983
3765
3052
4903
3267
281
2410
2846
2638
1302
974
2585
